A inverzének kiszámítása:

A=(-3,2,2)
  (-4,4,4)
  (-2,-1,1)
  
D(A) = -3(4,4;-1,1) -2(-4,4;-2,1) +2(-4,4;-2,-1)
-3*(4--4) -2(-4--8) +2(4--8)
-3*8 -2*4 +2*12
-8

A^+ = 
(-3,-4,-2)
(2,4,-1)
(-2,-1,1)

A aldeterminánsja
(4,-1;-1,1), (2,-1;-2,1), (2,4;-2,-1)
(-4,-2;-1,1), (-3,-2;-2,1), (-3,-4;-2,-1)
(-4,-2;4,-1), (-3,-2;2,-1), (-3,-4;2,4)

-15, 0, -12
-12, -28, 5
-24, -5, 4

sakktábla
-15, -0, -12
12, -28, -5
-24, 5, 4

*1/D

15/8, 0, 12/8
-12/8, 28/8, 5/8
24/8, -5/8, -4/8

ellenőrzés
(-3,2,2)
(-4,4,4)
(-2,-1,1)
*
15/8, 0, 12/8
-12/8, 28/8, 5/8
24/8, -5/8, -4/8
=

